# 
# "table1src" <- data.frame(y  = c(1,3,3,4,4,2,2,3,1,2,3,3,4),
#                           z1 = c(2,3,2,2,2,3,2,2,3,3,4,3,3),
#                           z2 = c(3,4,4,4,3,3,2,2,2,2,2,2,2),
#                           z3 = c(2,3,2,2,2,3,2,2,3,3,4,3,3))
# 
# rownames(table1src) <- 
# c("1 : 1 to 1",
#   "2 : 2 to 2",
#   "3 : 3 to 3",
#   "4 : 4 to 4",
#   "5 : 5 to 5",
#   "6 : 1 to 1",
#   "7 : 2 to 4",
#   "8 : 5 to 5",
#   "9 : 1 to 1",
#   "10: 1 to 4",
#   "11: 1 to 5",
#   "12: 2 to 5",
#   "13: 5 to 5")
# 
`table1src` <-
structure(list(y = c(1, 3, 3, 4, 4, 2, 2, 3, 1, 2, 3, 3, 4), 
    z1 = c(2, 3, 2, 2, 2, 3, 2, 2, 3, 3, 4, 3, 3), z2 = c(3, 
    4, 4, 4, 3, 3, 2, 2, 2, 2, 2, 2, 2), z3 = c(2, 3, 2, 2, 2, 
    3, 2, 2, 3, 3, 4, 3, 3)), .Names = c("y", "z1", "z2", "z3"
), row.names = c("1 : 1 to 1", "2 : 2 to 2", "3 : 3 to 3", "4 : 4 to 4", 
"5 : 5 to 5", "6 : 1 to 1", "7 : 2 to 4", "8 : 5 to 5", "9 : 1 to 1", 
"10: 1 to 4", "11: 1 to 5", "12: 2 to 5", "13: 5 to 5"), class = "data.frame")
